q
-7687.059785019941
-7929.004367711432
-3427.4813578554204
-1171.674530483766
-7205.788054733279
-3119.9204716193817
-3739.230470896955
-8503.317212573702
-9953.287840273802
-5607.191835351101
-5136.419695970325
-725.7223135210643
-6562.040802520327
-9871.794839081587
-802.3682059176899
-4350.1791396163335
-2946.2652624959
-5117.693725913554
-7214.599936606696
-9874.260943991854
-9294.700272375587
-4597.03394507746
-5182.434141986933
-382.3441264037938
-7014.194554099749
-1274.22482051519
-6068.705233807363
-5035.926840648927
-6325.56305414626
-8459.935799909237
-3638.4594653636805
-8905.91314438301
-8104.295307667464
-6.706561579087065
-1360.2425840884116
-9206.693402891533
-3969.4155822719194
-2129.793522187938
-8315.021579035802
-1085.6750276222774
-885.3324057587761
-8478.808284790586
-2093.348988532034
-9632.4428511954
-8180.21718145972
-1311.404432801677
-3021.2257946249692
-8002.6710568662975
-844.1932662447816
-6189.676908014539
-3277.9123656180727
-8842.052839026728
-2976.6093722273945
-3350.6404608596276
-6118.61032696162
-5896.821846880111
-1425.7528582601753
-1654.8020598423682
-3283.730574306015
-4454.253375844773
-799.4244384298017
-712.022044980069
-2018.1527424839524
-2046.7452515966852
-3753.7799708532675
-9048.029697036221
-689.8123581745876
-1893.842302911069
-4804.319057384286
-1897.1390965928767
-720.4110487119469
-9040.559171145971
-6851.153909539387
-7333.211129955422
-6585.0729507731885
-1322.6969135884992
-9934.969154048837
-4706.314430005601
-5067.967748465522
-3588.194325853665
-1415.7828953444277
-5710.764756825174
-4236.658094641218
-7174.67354728947
-1366.015476428176
-7501.960805643141
-7694.0896404094865
-6016.2535693552945
-5993.785131586929
-2307.2704235229203
-1822.8731114494985
-929.6417000701458
-70.39945765911943
-6759.272821855096
-1704.9526965641053
-1220.5062009309368
-8136.367869747937
-1362.0055096623473
-3606.7553398397076
-6338.077024747487
